b=0.1;
J=0.0100;
k=0.0100;
ki=20;
kp=10;
L=0.5;
r=1;
Ts=0.0100;